(kicad_pcb (version 20171130) (host pcbnew 5.0.2-bee76a0~70~ubuntu18.04.1)

  (general
    (thickness 1.6)
    (drawings 28)
    (tracks 405)
    (zones 0)
    (modules 62)
    (nets 70)
  )

  (page A4)
  (title_block
    (title "Parking Sensor Hardware")
    (date 2019-02-15)
    (rev v01)
    (comment 4 "Author: Chathula Adikary")
  )

  (layers
    (0 F.Cu signal)
    (31 B.Cu signal)
    (32 B.Adhes user)
    (33 F.Adhes user)
    (34 B.Paste user)
    (35 F.Paste user)
    (36 B.SilkS user)
    (37 F.SilkS user)
    (38 B.Mask user)
    (39 F.Mask user)
    (40 Dwgs.User user hide)
    (41 Cmts.User user)
    (42 Eco1.User user)
    (43 Eco2.User user)
    (44 Edge.Cuts user)
    (45 Margin user)
    (46 B.CrtYd user)
    (47 F.CrtYd user)
    (48 B.Fab user hide)
    (49 F.Fab user hide)
  )

  (setup
    (last_trace_width 0.508)
    (user_trace_width 0.1524)
    (user_trace_width 0.508)
    (trace_clearance 0.1524)
    (zone_clearance 0.1778)
    (zone_45_only no)
    (trace_min 0.1524)
    (segment_width 0.2)
    (edge_width 0.15)
    (via_size 0.7874)
    (via_drill 0.381)
    (via_min_size 0.6858)
    (via_min_drill 0.3302)
    (uvia_size 0.3)
    (uvia_drill 0.1)
    (uvias_allowed no)
    (uvia_min_size 0.2)
    (uvia_min_drill 0.1)
    (pcb_text_width 0.3)
    (pcb_text_size 1.5 1.5)
    (mod_edge_width 0.15)
    (mod_text_size 1 1)
    (mod_text_width 0.15)
    (pad_size 1.524 1.524)
    (pad_drill 0.762)
    (pad_to_mask_clearance 0.051)
    (solder_mask_min_width 0.25)
    (aux_axis_origin 0 0)
    (visible_elements 7FFFF7FF)
    (pcbplotparams
      (layerselection 0x010fc_ffffffff)
      (usegerberextensions false)
      (usegerberattributes false)
      (usegerberadvancedattributes false)
      (creategerberjobfile false)
      (excludeedgelayer true)
      (linewidth 0.100000)
      (plotframeref false)
      (viasonmask false)
      (mode 1)
      (useauxorigin false)
      (hpglpennumber 1)
      (hpglpenspeed 20)
      (hpglpendiameter 15.000000)
      (psnegative false)
      (psa4output false)
      (plotreference true)
      (plotvalue true)
      (plotinvisibletext false)
      (padsonsilk false)
      (subtractmaskfromsilk false)
      (outputformat 1)
      (mirror false)
      (drillshape 1)
      (scaleselection 1)
      (outputdirectory ""))
  )

  (net 0 "")
  (net 1 +3V3)
  (net 2 GND)
  (net 3 +12V)
  (net 4 +5V)
  (net 5 "Net-(C7-Pad1)")
  (net 6 "Net-(C8-Pad1)")
  (net 7 /RESET)
  (net 8 "Net-(D1-Pad1)")
  (net 9 /B_POWER)
  (net 10 /G_POWER)
  (net 11 /R_POWER)
  (net 12 /SWDIO)
  (net 13 /SWDCLK)
  (net 14 /TDO)
  (net 15 "Net-(J3-Pad7)")
  (net 16 /TDI)
  (net 17 /ECHO)
  (net 18 /TRIG)
  (net 19 /IND_POWER)
  (net 20 /BUZ_POWER)
  (net 21 /BUZZER)
  (net 22 /RED)
  (net 23 /GREEN)
  (net 24 /BLUE)
  (net 25 /INDICATOR)
  (net 26 "Net-(R2-Pad2)")
  (net 27 "Net-(U3-Pad1)")
  (net 28 "Net-(U3-Pad2)")
  (net 29 "Net-(U3-Pad3)")
  (net 30 "Net-(U3-Pad4)")
  (net 31 "Net-(U3-Pad17)")
  (net 32 "Net-(U3-Pad18)")
  (net 33 "Net-(U3-Pad32)")
  (net 34 "Net-(U3-Pad33)")
  (net 35 "Net-(U3-Pad46)")
  (net 36 "Net-(U3-Pad10)")
  (net 37 "Net-(U3-Pad45)")
  (net 38 /D0_a)
  (net 39 /D0_b)
  (net 40 /D0_c)
  (net 41 /D0_d)
  (net 42 /D0_e)
  (net 43 /D0_f)
  (net 44 /D0_g)
  (net 45 /D1_g)
  (net 46 /D1_f)
  (net 47 /D1_e)
  (net 48 /D1_d)
  (net 49 /D1_c)
  (net 50 /D1_b)
  (net 51 /D1_a)
  (net 52 /USART_RX)
  (net 53 /USART_TX)
  (net 54 /S0_B)
  (net 55 /S0_A)
  (net 56 "Net-(U3-Pad43)")
  (net 57 "Net-(U3-Pad42)")
  (net 58 /BI)
  (net 59 /S1_D)
  (net 60 /S1_C)
  (net 61 /S1_B)
  (net 62 /S1_A)
  (net 63 /S0_D)
  (net 64 /S0_C)
  (net 65 "Net-(U5-Pad3)")
  (net 66 "Net-(U5-Pad5)")
  (net 67 "Net-(U6-Pad5)")
  (net 68 "Net-(U6-Pad3)")
  (net 69 "Net-(U3-Pad41)")

  (net_class Default "This is the default net class."
    (clearance 0.1524)
    (trace_width 0.254)
    (via_dia 0.7874)
    (via_drill 0.381)
    (uvia_dia 0.3)
    (uvia_drill 0.1)
    (add_net +12V)
    (add_net +3V3)
    (add_net +5V)
    (add_net /BI)
    (add_net /BLUE)
    (add_net /BUZZER)
    (add_net /BUZ_POWER)
    (add_net /B_POWER)
    (add_net /D0_a)
    (add_net /D0_b)
    (add_net /D0_c)
    (add_net /D0_d)
    (add_net /D0_e)
    (add_net /D0_f)
    (add_net /D0_g)
    (add_net /D1_a)
    (add_net /D1_b)
    (add_net /D1_c)
    (add_net /D1_d)
    (add_net /D1_e)
    (add_net /D1_f)
    (add_net /D1_g)
    (add_net /ECHO)
    (add_net /GREEN)
    (add_net /G_POWER)
    (add_net /INDICATOR)
    (add_net /IND_POWER)
    (add_net /RED)
    (add_net /RESET)
    (add_net /R_POWER)
    (add_net /S0_A)
    (add_net /S0_B)
    (add_net /S0_C)
    (add_net /S0_D)
    (add_net /S1_A)
    (add_net /S1_B)
    (add_net /S1_C)
    (add_net /S1_D)
    (add_net /SWDCLK)
    (add_net /SWDIO)
    (add_net /TDI)
    (add_net /TDO)
    (add_net /TRIG)
    (add_net /USART_RX)
    (add_net /USART_TX)
    (add_net GND)
    (add_net "Net-(C7-Pad1)")
    (add_net "Net-(C8-Pad1)")
    (add_net "Net-(D1-Pad1)")
    (add_net "Net-(J3-Pad7)")
    (add_net "Net-(R2-Pad2)")
    (add_net "Net-(U3-Pad1)")
    (add_net "Net-(U3-Pad10)")
    (add_net "Net-(U3-Pad17)")
    (add_net "Net-(U3-Pad18)")
    (add_net "Net-(U3-Pad2)")
    (add_net "Net-(U3-Pad3)")
    (add_net "Net-(U3-Pad32)")
    (add_net "Net-(U3-Pad33)")
    (add_net "Net-(U3-Pad4)")
    (add_net "Net-(U3-Pad41)")
    (add_net "Net-(U3-Pad42)")
    (add_net "Net-(U3-Pad43)")
    (add_net "Net-(U3-Pad45)")
    (add_net "Net-(U3-Pad46)")
    (add_net "Net-(U5-Pad3)")
    (add_net "Net-(U5-Pad5)")
    (add_net "Net-(U6-Pad3)")
    (add_net "Net-(U6-Pad5)")
  )

  (module Connectors:PJ-002A (layer F.Cu) (tedit 5C6A263C) (tstamp 5C6A0391)
    (at 71.628 79.248)
    (path /5C635EC7)
    (fp_text reference J1 (at -5.08 -5.588) (layer F.SilkS)
      (effects (font (size 1 1) (thickness 0.15)))
    )
    (fp_text value PJ-002A (at 0 6.858) (layer F.Fab)
      (effects (font (size 1 1) (thickness 0.15)))
    )
    (fp_line (start -7.2 4.5) (end 1.524 4.5) (layer F.SilkS) (width 0.15))
    (fp_line (start -7.2 -4.5) (end -7.2 4.45) (layer F.SilkS) (width 0.15))
    (fp_line (start -7.2 -4.5) (end 7.2 -4.5) (layer F.SilkS) (width 0.15))
    (fp_line (start -7.2 -4.5) (end -7.2 4.5) (layer F.Fab) (width 0.15))
    (fp_line (start 7.2 -4.5) (end -7.2 -4.5) (layer F.Fab) (width 0.15))
    (fp_line (start 7.2 -4.5) (end 7.2 4.5) (layer F.Fab) (width 0.15))
    (fp_line (start 7.2 4.5) (end -7.2 4.5) (layer F.Fab) (width 0.15))
    (pad 3 thru_hole oval (at 3.5 4.5) (size 4.4 2.24) (drill oval 3 1) (layers *.Cu *.Mask)
      (net 2 GND))
    (pad 2 thru_hole oval (at 0.5 0) (size 2.24 4.9) (drill oval 1 3.5) (layers *.Cu *.Mask)
      (net 2 GND))
    (pad 1 thru_hole oval (at 6.5 0) (size 2.24 4.9) (drill oval 1 3.5) (layers *.Cu *.Mask)
      (net 3 +12V))
    (model "${KIPRJMOD}/3D Models/CUI_PJ-002A.igs"
      (offset (xyz -7.2 0 6.5))
      (scale (xyz 1 1 1))
      (rotate (xyz -90 0 180))
    )
  )

  (module Connectors:Molex_Micro-Fit_3.0_43045-0200_2x01_P3.00mm_Horizontal (layer F.Cu) (tedit 5C69997A) (tstamp 5C6A032C)
    (at 73.914 32.893 90)
    (descr "Molex Micro-Fit 3.0 Connector System, 43045-0200 (compatible alternatives: 43045-0201, 43045-0202), 1 Pins per row (https://www.molex.com/pdm_docs/sd/430450200_sd.pdf), generated with kicad-footprint-generator")
    (tags "connector Molex Micro-Fit_3.0 top entry")
    (path /5C71D021)
    (fp_text reference J5 (at 2.032 2.794 180) (layer F.SilkS)
      (effects (font (size 1 1) (thickness 0.15)))
    )
    (fp_text value 0430450200 (at 0 5.7 90) (layer F.Fab)
      (effects (font (size 1 1) (thickness 0.15)))
    )
    (fp_text user %R (at 0 -8.22 90) (layer F.Fab)
      (effects (font (size 1 1) (thickness 0.15)))
    )
    (fp_line (start -1.25 1.49) (end -4.08 1.49) (layer F.CrtYd) (width 0.05))
    (fp_line (start -1.25 4.25) (end -1.25 1.49) (layer F.CrtYd) (width 0.05))
    (fp_line (start 1.25 4.25) (end -1.25 4.25) (layer F.CrtYd) (width 0.05))
    (fp_line (start 1.25 1.49) (end 1.25 4.25) (layer F.CrtYd) (width 0.05))
    (fp_line (start 4.08 1.49) (end 1.25 1.49) (layer F.CrtYd) (width 0.05))
    (fp_line (start 4.08 -9.42) (end 4.08 1.49) (layer F.CrtYd) (width 0.05))
    (fp_line (start -4.08 -9.42) (end 4.08 -9.42) (layer F.CrtYd) (width 0.05))
    (fp_line (start -4.08 1.49) (end -4.08 -9.42) (layer F.CrtYd) (width 0.05))
    (fp_line (start 3.685 1.1) (end -3.685 1.1) (layer F.SilkS) (width 0.12))
    (fp_line (start 3.685 -8.03) (end 3.685 1.1) (layer F.SilkS) (width 0.12))
    (fp_line (start 2.685 -9.03) (end 3.685 -8.03) (layer F.SilkS) (width 0.12))
    (fp_line (start -2.685 -9.03) (end 2.685 -9.03) (layer F.SilkS) (width 0.12))
    (fp_line (start -3.685 -8.03) (end -2.685 -9.03) (layer F.SilkS) (width 0.12))
    (fp_line (start -3.685 1.1) (end -3.685 -8.03) (layer F.SilkS) (width 0.12))
    (fp_line (start 0 0) (end 0.75 0.99) (layer F.Fab) (width 0.1))
    (fp_line (start -0.75 0.99) (end 0 0) (layer F.Fab) (width 0.1))
    (fp_line (start 3.575 0.99) (end -3.575 0.99) (layer F.Fab) (width 0.1))
    (fp_line (start 3.575 -7.92) (end 3.575 0.99) (layer F.Fab) (width 0.1))
    (fp_line (start 2.575 -8.92) (end 3.575 -7.92) (layer F.Fab) (width 0.1))
    (fp_line (start -2.575 -8.92) (end 2.575 -8.92) (layer F.Fab) (width 0.1))
    (fp_line (start -3.575 -7.92) (end -2.575 -8.92) (layer F.Fab) (width 0.1))
    (fp_line (start -3.575 0.99) (end -3.575 -7.92) (layer F.Fab) (width 0.1))
    (pad 2 thru_hole circle (at 0 3 90) (size 1.5 1.5) (drill 1.02) (layers *.Cu *.Mask)
      (net 19 /IND_POWER))
    (pad 1 thru_hole roundrect (at 0 0 90) (size 1.5 1.5) (drill 1.02) (layers *.Cu *.Mask) (roundrect_rratio 0.166667)
      (net 3 +12V))
    (pad "" np_thru_hole circle (at 0 -4.32 90) (size 3 3) (drill 3) (layers *.Cu *.Mask))
    (model "${KIPRJMOD}/3D Models/430450200.stp"
      (offset (xyz 0 4 3.5))
      (scale (xyz 1 1 1))
      (rotate (xyz -90 0 -180))
    )
  )

  (module Connectors:Molex_Micro-Fit_3.0_43045-0400_2x02_P3.00mm_Horizontal (layer F.Cu) (tedit 5C6996E3) (tstamp 5CAEB176)
    (at 73.914 24.511 90)
    (descr "Molex Micro-Fit 3.0 Connector System, 43045-0400 (compatible alternatives: 43045-0401, 43045-0402), 2 Pins per row (https://www.molex.com/pdm_docs/sd/430450200_sd.pdf), generated with kicad-footprint-generator")
    (tags "connector Molex Micro-Fit_3.0 top entry")
    (path /5C704C8F)
    (fp_text reference J2 (at 5.461 2.794 180) (layer F.SilkS)
      (effects (font (size 1 1) (thickness 0.15)))
    )
    (fp_text value 0430450400 (at 1.5 5.7 90) (layer F.Fab)
      (effects (font (size 1 1) (thickness 0.15)))
    )
    (fp_text user %R (at 1.5 -8.22 90) (layer F.Fab)
      (effects (font (size 1 1) (thickness 0.15)))
    )
    (fp_line (start -1.25 1.49) (end -4.08 1.49) (layer F.CrtYd) (width 0.05))
    (fp_line (start -1.25 4.25) (end -1.25 1.49) (layer F.CrtYd) (width 0.05))
    (fp_line (start 4.25 4.25) (end -1.25 4.25) (layer F.CrtYd) (width 0.05))
    (fp_line (start 4.25 1.49) (end 4.25 4.25) (layer F.CrtYd) (width 0.05))
    (fp_line (start 7.08 1.49) (end 4.25 1.49) (layer F.CrtYd) (width 0.05))
    (fp_line (start 7.08 -9.42) (end 7.08 1.49) (layer F.CrtYd) (width 0.05))
    (fp_line (start -4.08 -9.42) (end 7.08 -9.42) (layer F.CrtYd) (width 0.05))
    (fp_line (start -4.08 1.49) (end -4.08 -9.42) (layer F.CrtYd) (width 0.05))
    (fp_line (start 6.685 1.1) (end -3.685 1.1) (layer F.SilkS) (width 0.12))
    (fp_line (start 6.685 -8.03) (end 6.685 1.1) (layer F.SilkS) (width 0.12))
    (fp_line (start 5.685 -9.03) (end 6.685 -8.03) (layer F.SilkS) (width 0.12))
    (fp_line (start -2.685 -9.03) (end 5.685 -9.03) (layer F.SilkS) (width 0.12))
    (fp_line (start -3.685 -8.03) (end -2.685 -9.03) (layer F.SilkS) (width 0.12))
    (fp_line (start -3.685 1.1) (end -3.685 -8.03) (layer F.SilkS) (width 0.12))
    (fp_line (start 0 0) (end 0.75 0.99) (layer F.Fab) (width 0.1))
    (fp_line (start -0.75 0.99) (end 0 0) (layer F.Fab) (width 0.1))
    (fp_line (start 6.575 0.99) (end -3.575 0.99) (layer F.Fab) (width 0.1))
    (fp_line (start 6.575 -7.92) (end 6.575 0.99) (layer F.Fab) (width 0.1))
    (fp_line (start 5.575 -8.92) (end 6.575 -7.92) (layer F.Fab) (width 0.1))
    (fp_line (start -2.575 -8.92) (end 5.575 -8.92) (layer F.Fab) (width 0.1))
    (fp_line (start -3.575 -7.92) (end -2.575 -8.92) (layer F.Fab) (width 0.1))
    (fp_line (start -3.575 0.99) (end -3.575 -7.92) (layer F.Fab) (width 0.1))
    (pad 4 thru_hole circle (at 3 3 90) (size 1.5 1.5) (drill 1.02) (layers *.Cu *.Mask)
      (net 3 +12V))
    (pad 3 thru_hole circle (at 0 3 90) (size 1.5 1.5) (drill 1.02) (layers *.Cu *.Mask)
      (net 11 /R_POWER))
    (pad 2 thru_hole circle (at 3 0 90) (size 1.5 1.5) (drill 1.02) (layers *.Cu *.Mask)
      (net 10 /G_POWER))
    (pad 1 thru_hole roundrect (at 0 0 90) (size 1.5 1.5) (drill 1.02) (layers *.Cu *.Mask) (roundrect_rratio 0.166667)
      (net 9 /B_POWER))
    (pad "" np_thru_hole circle (at 1.5 -4.32 90) (size 3 3) (drill 3) (layers *.Cu *.Mask))
    (model "${KIPRJMOD}/3D Models/430450400.igs"
      (offset (xyz 1.5 4 3.5))
      (scale (xyz 1 1 1))
      (rotate (xyz -90 0 -180))
    )
  )

  (module Buzzers:AI-2437-TWT-R (layer F.Cu) (tedit 5C698BFE) (tstamp 5C6A054A)
    (at 111.125 85.598 270)
    (path /5C7379E1)
    (fp_text reference LS1 (at 8.382 11.176) (layer F.SilkS)
      (effects (font (size 1 1) (thickness 0.15)))
    )
    (fp_text value AI-2437-TWT-R (at 0 15.24 270) (layer F.Fab)
      (effects (font (size 1 1) (thickness 0.15)))
    )
    (fp_circle (center 0 0) (end 12.5 0) (layer F.SilkS) (width 0.15))
    (fp_circle (center 0 0) (end 12.5 0) (layer F.Fab) (width 0.15))
    (pad 2 thru_hole circle (at 0 -7.5 270) (size 2 2) (drill 1.1) (layers *.Cu *.Mask)
      (net 20 /BUZ_POWER))
    (pad 1 thru_hole circle (at 0 7.5 270) (size 2 2) (drill 1.1) (layers *.Cu *.Mask)
      (net 3 +12V))
    (model "${KIPRJMOD}/3D Models/AI-2437-TWT-R.igs"
      (at (xyz 0 0 0))
      (scale (xyz 1 1 1))
      (rotate (xyz 0 0 0))
    )
  )

  (module MountingHole:MountingHole_4.3mm_M4_DIN965_Pad (layer F.Cu) (tedit 5C969482) (tstamp 5CA3776B)
    (at 116.332 68.707)
    (descr "Mounting Hole 4.3mm, M4, DIN965")
    (tags "mounting hole 4.3mm m4 din965")
    (path /5C69771C)
    (attr virtual)
    (fp_text reference H2 (at -5.08 -0.635) (layer F.SilkS) hide
      (effects (font (size 1 1) (thickness 0.15)))
    )
    (fp_text value MountingHole (at 0 4.75) (layer F.Fab)
      (effects (font (size 1 1) (thickness 0.15)))
    )
    (fp_circle (center 0 0) (end 4 0) (layer F.CrtYd) (width 0.05))
    (fp_circle (center 0 0) (end 3.75 0) (layer Cmts.User) (width 0.15))
    (fp_text user %R (at 0.3 0) (layer F.Fab)
      (effects (font (size 1 1) (thickness 0.15)))
    )
    (pad 1 thru_hole circle (at 0 0) (size 7.5 7.5) (drill 4.3) (layers *.Cu *.Mask))
  )

  (module MountingHole:MountingHole_4.3mm_M4_DIN965_Pad (layer F.Cu) (tedit 5C9694AA) (tstamp 5C68FCE0)
    (at 82.423 94.361)
    (descr "Mounting Hole 4.3mm, M4, DIN965")
    (tags "mounting hole 4.3mm m4 din965")
    (path /5C6978DE)
    (attr virtual)
    (fp_text reference H1 (at 0 -4.75) (layer F.SilkS) hide
      (effects (font (size 1 1) (thickness 0.15)))
    )
    (fp_text value MountingHole (at 0 4.75) (layer F.Fab)
      (effects (font (size 1 1) (thickness 0.15)))
    )
    (fp_circle (center 0 0) (end 4 0) (layer F.CrtYd) (width 0.05))
    (fp_circle (center 0 0) (end 3.75 0) (layer Cmts.User) (width 0.15))
    (fp_text user %R (at 0.3 0) (layer F.Fab)
      (effects (font (size 1 1) (thickness 0.15)))
    )
    (pad 1 thru_hole circle (at 0 0) (size 7.5 7.5) (drill 4.3) (layers *.Cu *.Mask))
  )

  (module Converter_DCDC:Converter_DCDC_RECOM_R-78E-0.5_THT (layer F.Cu) (tedit 5B741BB0) (tstamp 5C69B245)
    (at 66.548 89.154 270)
    (descr "DCDC-Converter, RECOM, RECOM_R-78E-0.5, SIP-3, pitch 2.54mm, package size 11.6x8.5x10.4mm^3, https://www.recom-power.com/pdf/Innoline/R-78Exx-0.5.pdf")
    (tags "dc-dc recom buck sip-3 pitch 2.54mm")
    (path /5C633FDE)
    (fp_text reference U1 (at -4.318 1.524 180) (layer F.SilkS)
      (effects (font (size 1 1) (thickness 0.15)))
    )
    (fp_text value R-78E5.0-1.0 (at 2.54 3 270) (layer F.Fab)
      (effects (font (size 1 1) (thickness 0.15)))
    )
    (fp_text user %R (at 2.54 -2.25 270) (layer F.Fab)
      (effects (font (size 1 1) (thickness 0.15)))
    )
    (fp_line (start 8.54 -6.75) (end -3.57 -6.75) (layer F.CrtYd) (width 0.05))
    (fp_line (start 8.54 2.25) (end 8.54 -6.75) (layer F.CrtYd) (width 0.05))
    (fp_line (start -3.57 2.25) (end 8.54 2.25) (layer F.CrtYd) (width 0.05))
    (fp_line (start -3.57 -6.75) (end -3.57 2.25) (layer F.CrtYd) (width 0.05))
    (fp_line (start -3.611 2.3) (end -2.371 2.3) (layer F.SilkS) (width 0.12))
    (fp_line (start -3.611 1.06) (end -3.611 2.3) (layer F.SilkS) (width 0.12))
    (fp_line (start 8.35 -6.56) (end 8.35 2.06) (layer F.SilkS) (width 0.12))
    (fp_line (start -3.371 -6.56) (end -3.371 2.06) (layer F.SilkS) (width 0.12))
    (fp_line (start -3.371 2.06) (end 8.35 2.06) (layer F.SilkS) (width 0.12))
    (fp_line (start -3.371 -6.56) (end 8.35 -6.56) (layer F.SilkS) (width 0.12))
    (fp_line (start -3.31 1) (end -3.31 -6.5) (layer F.Fab) (width 0.1))
    (fp_line (start -2.31 2) (end -3.31 1) (layer F.Fab) (width 0.1))
    (fp_line (start 8.29 2) (end -2.31 2) (layer F.Fab) (width 0.1))
    (fp_line (start 8.29 -6.5) (end 8.29 2) (layer F.Fab) (width 0.1))
    (fp_line (start -3.31 -6.5) (end 8.29 -6.5) (layer F.Fab) (width 0.1))
    (pad 3 thru_hole oval (at 5.08 0 270) (size 1.5 2.3) (drill 1) (layers *.Cu *.Mask)
      (net 4 +5V))
    (pad 2 thru_hole oval (at 2.54 0 270) (size 1.5 2.3) (drill 1) (layers *.Cu *.Mask)
      (net 2 GND))
    (pad 1 thru_hole rect (at 0 0 270) (size 1.5 2.3) (drill 1) (layers *.Cu *.Mask)
      (net 3 +12V))
    (model ${KISYS3DMOD}/Converter_DCDC.3dshapes/Converter_DCDC_RECOM_R-78E-0.5_THT.wrl
      (at (xyz 0 0 0))
      (scale (xyz 1 1 1))
      (rotate (xyz 0 0 0))
    )
  )

  (module Resistor_SMD:R_0603_1608Metric_Pad1.05x0.95mm_HandSolder (layer F.Cu) (tedit 5B301BBD) (tstamp 5C8177AE)
    (at 70.358 59.182 90)
    (descr "Resistor SMD 0603 (1608 Metric), square (rectangular) end terminal, IPC_7351 nominal with elongated pad for handsoldering. (Body size source: http://www.tortai-tech.com/upload/download/2011102023233369053.pdf), generated with kicad-footprint-generator")
    (tags "resistor handsolder")
    (path /5DDF88F5)
    (attr smd)
    (fp_text reference R8 (at 2.794 0 90) (layer F.SilkS)
      (effects (font (size 1 1) (thickness 0.15)))
    )
    (fp_text value 1K (at 0 1.43 90) (layer F.Fab)
      (effects (font (size 1 1) (thickness 0.15)))
    )
    (fp_text user %R (at 0 0 90) (layer F.Fab)
      (effects (font (size 0.4 0.4) (thickness 0.06)))
    )
    (fp_line (start 1.65 0.73) (end -1.65 0.73) (layer F.CrtYd) (width 0.05))
    (fp_line (start 1.65 -0.73) (end 1.65 0.73) (layer F.CrtYd) (width 0.05))
    (fp_line (start -1.65 -0.73) (end 1.65 -0.73) (layer F.CrtYd) (width 0.05))
    (fp_line (start -1.65 0.73) (end -1.65 -0.73) (layer F.CrtYd) (width 0.05))
    (fp_line (start -0.171267 0.51) (end 0.171267 0.51) (layer F.SilkS) (width 0.12))
    (fp_line (start -0.171267 -0.51) (end 0.171267 -0.51) (layer F.SilkS) (width 0.12))
    (fp_line (start 0.8 0.4) (end -0.8 0.4) (layer F.Fab) (width 0.1))
    (fp_line (start 0.8 -0.4) (end 0.8 0.4) (layer F.Fab) (width 0.1))
    (fp_line (start -0.8 -0.4) (end 0.8 -0.4) (layer F.Fab) (width 0.1))
    (fp_line (start -0.8 0.4) (end -0.8 -0.4) (layer F.Fab) (width 0.1))
    (pad 2 smd roundrect (at 0.875 0 90) (size 1.05 0.95) (layers F.Cu F.Paste F.Mask) (roundrect_rratio 0.25)
      (net 3 +12V))
    (pad 1 smd roundrect (at -0.875 0 90) (size 1.05 0.95) (layers F.Cu F.Paste F.Mask) (roundrect_rratio 0.25)
      (net 45 /D1_g))
    (model ${KISYS3DMOD}/Resistor_SMD.3dshapes/R_0603_1608Metric.wrl
      (at (xyz 0 0 0))
      (scale (xyz 1 1 1))
      (rotate (xyz 0 0 0))
    )
  )

  (module Resistor_SMD:R_0603_1608Metric_Pad1.05x0.95mm_HandSolder (layer F.Cu) (tedit 5B301BBD) (tstamp 5C8172EF)
    (at 70.739 41.783 90)
    (descr "Resistor SMD 0603 (1608 Metric), square (rectangular) end terminal, IPC_7351 nominal with elongated pad for handsoldering. (Body size source: http://www.tortai-tech.com/upload/download/2011102023233369053.pdf), generated with kicad-footprint-generator")
    (tags "resistor handsolder")
    (path /5DE28325)
    (attr smd)
    (fp_text reference R9 (at 2.667 0 90) (layer F.SilkS)
      (effects (font (size 1 1) (thickness 0.15)))
    )
    (fp_text value 1K (at 0 1.43 90) (layer F.Fab)
      (effects (font (size 1 1) (thickness 0.15)))
    )
    (fp_text user %R (at 0 0 90) (layer F.Fab)
      (effects (font (size 0.4 0.4) (thickness 0.06)))
    )
    (fp_line (start 1.65 0.73) (end -1.65 0.73) (layer F.CrtYd) (width 0.05))
    (fp_line (start 1.65 -0.73) (end 1.65 0.73) (layer F.CrtYd) (width 0.05))
    (fp_line (start -1.65 -0.73) (end 1.65 -0.73) (layer F.CrtYd) (width 0.05))
    (fp_line (start -1.65 0.73) (end -1.65 -0.73) (layer F.CrtYd) (width 0.05))
    (fp_line (start -0.171267 0.51) (end 0.171267 0.51) (layer F.SilkS) (width 0.12))
    (fp_line (start -0.171267 -0.51) (end 0.171267 -0.51) (layer F.SilkS) (width 0.12))
    (fp_line (start 0.8 0.4) (end -0.8 0.4) (layer F.Fab) (width 0.1))
    (fp_line (start 0.8 -0.4) (end 0.8 0.4) (layer F.Fab) (width 0.1))
    (fp_line (start -0.8 -0.4) (end 0.8 -0.4) (layer F.Fab) (width 0.1))
    (fp_line (start -0.8 0.4) (end -0.8 -0.4) (layer F.Fab) (width 0.1))
    (pad 2 smd roundrect (at 0.875 0 90) (size 1.05 0.95) (layers F.Cu F.Paste F.Mask) (roundrect_rratio 0.25)
      (net 3 +12V))
    (pad 1 smd roundrect (at -0.875 0 90) (size 1.05 0.95) (layers F.Cu F.Paste F.Mask) (roundrect_rratio 0.25)
      (net 44 /D0_g))
    (model ${KISYS3DMOD}/Resistor_SMD.3dshapes/R_0603_1608Metric.wrl
      (at (xyz 0 0 0))
      (scale (xyz 1 1 1))
      (rotate (xyz 0 0 0))
    )
  )

  (module Capacitor_SMD:C_0603_1608Metric_Pad1.05x0.95mm_HandSolder (layer B.Cu) (tedit 5B301BBE) (tstamp 5C817820)
    (at 96.52 56.642 180)
    (descr "Capacitor SMD 0603 (1608 Metric), square (rectangular) end terminal, IPC_7351 nominal with elongated pad for handsoldering. (Body size source: http://www.tortai-tech.com/upload/download/2011102023233369053.pdf), generated with kicad-footprint-generator")
    (tags "capacitor handsolder")
    (path /5C6203D0)
    (attr smd)
    (fp_text reference C1 (at -2.286 -1.016 180) (layer B.SilkS)
      (effects (font (size 1 1) (thickness 0.15)) (justify mirror))
    )
    (fp_text value 100n (at 0 -1.43 180) (layer B.Fab)
      (effects (font (size 1 1) (thickness 0.15)) (justify mirror))
    )
    (fp_text user %R (at 0 0 180) (layer B.Fab)
      (effects (font (size 0.4 0.4) (thickness 0.06)) (justify mirror))
    )
    (fp_line (start 1.65 -0.73) (end -1.65 -0.73) (layer B.CrtYd) (width 0.05))
    (fp_line (start 1.65 0.73) (end 1.65 -0.73) (layer B.CrtYd) (width 0.05))
    (fp_line (start -1.65 0.73) (end 1.65 0.73) (layer B.CrtYd) (width 0.05))
    (fp_line (start -1.65 -0.73) (end -1.65 0.73) (layer B.CrtYd) (width 0.05))
    (fp_line (start -0.171267 -0.51) (end 0.171267 -0.51) (layer B.SilkS) (width 0.12))
    (fp_line (start -0.171267 0.51) (end 0.171267 0.51) (layer B.SilkS) (width 0.12))
    (fp_line (start 0.8 -0.4) (end -0.8 -0.4) (layer B.Fab) (width 0.1))
    (fp_line (start 0.8 0.4) (end 0.8 -0.4) (layer B.Fab) (width 0.1))
    (fp_line (start -0.8 0.4) (end 0.8 0.4) (layer B.Fab) (width 0.1))
    (fp_line (start -0.8 -0.4) (end -0.8 0.4) (layer B.Fab) (width 0.1))
    (pad 2 smd roundrect (at 0.875 0 180) (size 1.05 0.95) (layers B.Cu B.Paste B.Mask) (roundrect_rratio 0.25)
      (net 2 GND))
    (pad 1 smd roundrect (at -0.875 0 180) (size 1.05 0.95) (layers B.Cu B.Paste B.Mask) (roundrect_rratio 0.25)
      (net 1 +3V3))
    (model ${KISYS3DMOD}/Capacitor_SMD.3dshapes/C_0603_1608Metric.wrl
      (at (xyz 0 0 0))
      (scale (xyz 1 1 1))
      (rotate (xyz 0 0 0))
    )
  )

  (module Capacitor_SMD:C_0603_1608Metric_Pad1.05x0.95mm_HandSolder (layer B.Cu) (tedit 5B301BBE) (tstamp 5C817241)
    (at 101.6 64.008 180)
    (descr "Capacitor SMD 0603 (1608 Metric), square (rectangular) end terminal, IPC_7351 nominal with elongated pad for handsoldering. (Body size source: http://www.tortai-tech.com/upload/download/2011102023233369053.pdf), generated with kicad-footprint-generator")
    (tags "capacitor handsolder")
    (path /5C620444)
    (attr smd)
    (fp_text reference C2 (at 0 -1.524 180) (layer B.SilkS)
      (effects (font (size 1 1) (thickness 0.15)) (justify mirror))
    )
    (fp_text value 100n (at 0 -1.43 180) (layer B.Fab)
      (effects (font (size 1 1) (thickness 0.15)) (justify mirror))
    )
    (fp_text user %R (at 0 0 180) (layer B.Fab)
      (effects (font (size 0.4 0.4) (thickness 0.06)) (justify mirror))
    )
    (fp_line (start 1.65 -0.73) (end -1.65 -0.73) (layer B.CrtYd) (width 0.05))
    (fp_line (start 1.65 0.73) (end 1.65 -0.73) (layer B.CrtYd) (width 0.05))
    (fp_line (start -1.65 0.73) (end 1.65 0.73) (layer B.CrtYd) (width 0.05))
    (fp_line (start -1.65 -0.73) (end -1.65 0.73) (layer B.CrtYd) (width 0.05))
    (fp_line (start -0.171267 -0.51) (end 0.171267 -0.51) (layer B.SilkS) (width 0.12))
    (fp_line (start -0.171267 0.51) (end 0.171267 0.51) (layer B.SilkS) (width 0.12))
    (fp_line (start 0.8 -0.4) (end -0.8 -0.4) (layer B.Fab) (width 0.1))
    (fp_line (start 0.8 0.4) (end 0.8 -0.4) (layer B.Fab) (width 0.1))
    (fp_line (start -0.8 0.4) (end 0.8 0.4) (layer B.Fab) (width 0.1))
    (fp_line (start -0.8 -0.4) (end -0.8 0.4) (layer B.Fab) (width 0.1))
    (pad 2 smd roundrect (at 0.875 0 180) (size 1.05 0.95) (layers B.Cu B.Paste B.Mask) (roundrect_rratio 0.25)
      (net 2 GND))
    (pad 1 smd roundrect (at -0.875 0 180) (size 1.05 0.95) (layers B.Cu B.Paste B.Mask) (roundrect_rratio 0.25)
      (net 1 +3V3))
    (model ${KISYS3DMOD}/Capacitor_SMD.3dshapes/C_0603_1608Metric.wrl
      (at (xyz 0 0 0))
      (scale (xyz 1 1 1))
      (rotate (xyz 0 0 0))
    )
  )

  (module Capacitor_SMD:C_0603_1608Metric_Pad1.05x0.95mm_HandSolder (layer B.Cu) (tedit 5B301BBE) (tstamp 5C817478)
    (at 106.68 57.15 180)
    (descr "Capacitor SMD 0603 (1608 Metric), square (rectangular) end terminal, IPC_7351 nominal with elongated pad for handsoldering. (Body size source: http://www.tortai-tech.com/upload/download/2011102023233369053.pdf), generated with kicad-footprint-generator")
    (tags "capacitor handsolder")
    (path /5C6204D8)
    (attr smd)
    (fp_text reference C3 (at 2.54 0 180) (layer B.SilkS)
      (effects (font (size 1 1) (thickness 0.15)) (justify mirror))
    )
    (fp_text value 4u7 (at 0 -1.43 180) (layer B.Fab)
      (effects (font (size 1 1) (thickness 0.15)) (justify mirror))
    )
    (fp_text user %R (at 0 0 180) (layer B.Fab)
      (effects (font (size 0.4 0.4) (thickness 0.06)) (justify mirror))
    )
    (fp_line (start 1.65 -0.73) (end -1.65 -0.73) (layer B.CrtYd) (width 0.05))
    (fp_line (start 1.65 0.73) (end 1.65 -0.73) (layer B.CrtYd) (width 0.05))
    (fp_line (start -1.65 0.73) (end 1.65 0.73) (layer B.CrtYd) (width 0.05))
    (fp_line (start -1.65 -0.73) (end -1.65 0.73) (layer B.CrtYd) (width 0.05))
    (fp_line (start -0.171267 -0.51) (end 0.171267 -0.51) (layer B.SilkS) (width 0.12))
    (fp_line (start -0.171267 0.51) (end 0.171267 0.51) (layer B.SilkS) (width 0.12))
    (fp_line (start 0.8 -0.4) (end -0.8 -0.4) (layer B.Fab) (width 0.1))
    (fp_line (start 0.8 0.4) (end 0.8 -0.4) (layer B.Fab) (width 0.1))
    (fp_line (start -0.8 0.4) (end 0.8 0.4) (layer B.Fab) (width 0.1))
    (fp_line (start -0.8 -0.4) (end -0.8 0.4) (layer B.Fab) (width 0.1))
    (pad 2 smd roundrect (at 0.875 0 180) (size 1.05 0.95) (layers B.Cu B.Paste B.Mask) (roundrect_rratio 0.25)
      (net 2 GND))
    (pad 1 smd roundrect (at -0.875 0 180) (size 1.05 0.95) (layers B.Cu B.Paste B.Mask) (roundrect_rratio 0.25)
      (net 1 +3V3))
    (model ${KISYS3DMOD}/Capacitor_SMD.3dshapes/C_0603_1608Metric.wrl
      (at (xyz 0 0 0))
      (scale (xyz 1 1 1))
      (rotate (xyz 0 0 0))
    )
  )

  (module Capacitor_SMD:C_0603_1608Metric_Pad1.05x0.95mm_HandSolder (layer F.Cu) (tedit 5B301BBE) (tstamp 5C816E42)
    (at 74.676 89.408 270)
    (descr "Capacitor SMD 0603 (1608 Metric), square (rectangular) end terminal, IPC_7351 nominal with elongated pad for handsoldering. (Body size source: http://www.tortai-tech.com/upload/download/2011102023233369053.pdf), generated with kicad-footprint-generator")
    (tags "capacitor handsolder")
    (path /5C63444A)
    (attr smd)
    (fp_text reference C4 (at -2.54 0 270) (layer F.SilkS)
      (effects (font (size 1 1) (thickness 0.15)))
    )
    (fp_text value 10u (at 0 1.43 270) (layer F.Fab)
      (effects (font (size 1 1) (thickness 0.15)))
    )
    (fp_text user %R (at 0 0 270) (layer F.Fab)
      (effects (font (size 0.4 0.4) (thickness 0.06)))
    )
    (fp_line (start 1.65 0.73) (end -1.65 0.73) (layer F.CrtYd) (width 0.05))
    (fp_line (start 1.65 -0.73) (end 1.65 0.73) (layer F.CrtYd) (width 0.05))
    (fp_line (start -1.65 -0.73) (end 1.65 -0.73) (layer F.CrtYd) (width 0.05))
    (fp_line (start -1.65 0.73) (end -1.65 -0.73) (layer F.CrtYd) (width 0.05))
    (fp_line (start -0.171267 0.51) (end 0.171267 0.51) (layer F.SilkS) (width 0.12))
    (fp_line (start -0.171267 -0.51) (end 0.171267 -0.51) (layer F.SilkS) (width 0.12))
    (fp_line (start 0.8 0.4) (end -0.8 0.4) (layer F.Fab) (width 0.1))
    (fp_line (start 0.8 -0.4) (end 0.8 0.4) (layer F.Fab) (width 0.1))
    (fp_line (start -0.8 -0.4) (end 0.8 -0.4) (layer F.Fab) (width 0.1))
    (fp_line (start -0.8 0.4) (end -0.8 -0.4) (layer F.Fab) (width 0.1))
    (pad 2 smd roundrect (at 0.875 0 270) (size 1.05 0.95) (layers F.Cu F.Paste F.Mask) (roundrect_rratio 0.25)
      (net 2 GND))
    (pad 1 smd roundrect (at -0.875 0 270) (size 1.05 0.95) (layers F.Cu F.Paste F.Mask) (roundrect_rratio 0.25)
      (net 3 +12V))
    (model ${KISYS3DMOD}/Capacitor_SMD.3dshapes/C_0603_1608Metric.wrl
      (at (xyz 0 0 0))
      (scale (xyz 1 1 1))
      (rotate (xyz 0 0 0))
    )
  )

  (module Capacitor_SMD:C_0603_1608Metric_Pad1.05x0.95mm_HandSolder (layer F.Cu) (tedit 5B301BBE) (tstamp 5CA2CCCE)
    (at 74.676 93.472 90)
    (descr "Capacitor SMD 0603 (1608 Metric), square (rectangular) end terminal, IPC_7351 nominal with elongated pad for handsoldering. (Body size source: http://www.tortai-tech.com/upload/download/2011102023233369053.pdf), generated with kicad-footprint-generator")
    (tags "capacitor handsolder")
    (path /5C6345BD)
    (attr smd)
    (fp_text reference C5 (at -2.54 0 90) (layer F.SilkS)
      (effects (font (size 1 1) (thickness 0.15)))
    )
    (fp_text value 10u (at 0 1.43 90) (layer F.Fab)
      (effects (font (size 1 1) (thickness 0.15)))
    )
    (fp_text user %R (at 0 0 90) (layer F.Fab)
      (effects (font (size 0.4 0.4) (thickness 0.06)))
    )
    (fp_line (start 1.65 0.73) (end -1.65 0.73) (layer F.CrtYd) (width 0.05))
    (fp_line (start 1.65 -0.73) (end 1.65 0.73) (layer F.CrtYd) (width 0.05))
    (fp_line (start -1.65 -0.73) (end 1.65 -0.73) (layer F.CrtYd) (width 0.05))
    (fp_line (start -1.65 0.73) (end -1.65 -0.73) (layer F.CrtYd) (width 0.05))
    (fp_line (start -0.171267 0.51) (end 0.171267 0.51) (layer F.SilkS) (width 0.12))
    (fp_line (start -0.171267 -0.51) (end 0.171267 -0.51) (layer F.SilkS) (width 0.12))
    (fp_line (start 0.8 0.4) (end -0.8 0.4) (layer F.Fab) (width 0.1))
    (fp_line (start 0.8 -0.4) (end 0.8 0.4) (layer F.Fab) (width 0.1))
    (fp_line (start -0.8 -0.4) (end 0.8 -0.4) (layer F.Fab) (width 0.1))
    (fp_line (start -0.8 0.4) (end -0.8 -0.4) (layer F.Fab) (width 0.1))
    (pad 2 smd roundrect (at 0.875 0 90) (size 1.05 0.95) (layers F.Cu F.Paste F.Mask) (roundrect_rratio 0.25)
      (net 2 GND))
    (pad 1 smd roundrect (at -0.875 0 90) (size 1.05 0.95) (layers F.Cu F.Paste F.Mask) (roundrect_rratio 0.25)
      (net 4 +5V))
    (model ${KISYS3DMOD}/Capacitor_SMD.3dshapes/C_0603_1608Metric.wrl
      (at (xyz 0 0 0))
      (scale (xyz 1 1 1))
      (rotate (xyz 0 0 0))
    )
  )

  (module Capacitor_SMD:C_0603_1608Metric_Pad1.05x0.95mm_HandSolder (layer F.Cu) (tedit 5B301BBE) (tstamp 5C68BE9B)
    (at 94.234 84.836 90)
    (descr "Capacitor SMD 0603 (1608 Metric), square (rectangular) end terminal, IPC_7351 nominal with elongated pad for handsoldering. (Body size source: http://www.tortai-tech.com/upload/download/2011102023233369053.pdf), generated with kicad-footprint-generator")
    (tags "capacitor handsolder")
    (path /5C63878E)
    (attr smd)
    (fp_text reference C6 (at -2.54 0 90) (layer F.SilkS)
      (effects (font (size 1 1) (thickness 0.15)))
    )
    (fp_text value 4u7 (at 0 1.43 90) (layer F.Fab)
      (effects (font (size 1 1) (thickness 0.15)))
    )
    (fp_text user %R (at 0 0 90) (layer F.Fab)
      (effects (font (size 0.4 0.4) (thickness 0.06)))
    )
    (fp_line (start 1.65 0.73) (end -1.65 0.73) (layer F.CrtYd) (width 0.05))
    (fp_line (start 1.65 -0.73) (end 1.65 0.73) (layer F.CrtYd) (width 0.05))
    (fp_line (start -1.65 -0.73) (end 1.65 -0.73) (layer F.CrtYd) (width 0.05))
    (fp_line (start -1.65 0.73) (end -1.65 -0.73) (layer F.CrtYd) (width 0.05))
    (fp_line (start -0.171267 0.51) (end 0.171267 0.51) (layer F.SilkS) (width 0.12))
    (fp_line (start -0.171267 -0.51) (end 0.171267 -0.51) (layer F.SilkS) (width 0.12))
    (fp_line (start 0.8 0.4) (end -0.8 0.4) (layer F.Fab) (width 0.1))
    (fp_line (start 0.8 -0.4) (end 0.8 0.4) (layer F.Fab) (width 0.1))
    (fp_line (start -0.8 -0.4) (end 0.8 -0.4) (layer F.Fab) (width 0.1))
    (fp_line (start -0.8 0.4) (end -0.8 -0.4) (layer F.Fab) (width 0.1))
    (pad 2 smd roundrect (at 0.875 0 90) (size 1.05 0.95) (layers F.Cu F.Paste F.Mask) (roundrect_rratio 0.25)
      (net 2 GND))
    (pad 1 smd roundrect (at -0.875 0 90) (size 1.05 0.95) (layers F.Cu F.Paste F.Mask) (roundrect_rratio 0.25)
      (net 4 +5V))
    (model ${KISYS3DMOD}/Capacitor_SMD.3dshapes/C_0603_1608Metric.wrl
      (at (xyz 0 0 0))
      (scale (xyz 1 1 1))
      (rotate (xyz 0 0 0))
    )
  )

  (module Capacitor_SMD:C_0603_1608Metric_Pad1.05x0.95mm_HandSolder (layer F.Cu) (tedit 5B301BBE) (tstamp 5C817655)
    (at 118.237 59.182 90)
    (descr "Capacitor SMD 0603 (1608 Metric), square (rectangular) end terminal, IPC_7351 nominal with elongated pad for handsoldering. (Body size source: http://www.tortai-tech.com/upload/download/2011102023233369053.pdf), generated with kicad-footprint-generator")
    (tags "capacitor handsolder")
    (path /5C6C5E13)
    (attr smd)
    (fp_text reference C7 (at 0 -1.43 90) (layer F.SilkS)
      (effects (font (size 1 1) (thickness 0.15)))
    )
    (fp_text value 30p (at 0 1.43 90) (layer F.Fab)
      (effects (font (size 1 1) (thickness 0.15)))
    )
    (fp_text user %R (at 0 0 90) (layer F.Fab)
      (effects (font (size 0.4 0.4) (thickness 0.06)))
    )
    (fp_line (start 1.65 0.73) (end -1.65 0.73) (layer F.CrtYd) (width 0.05))
    (fp_line (start 1.65 -0.73) (end 1.65 0.73) (layer F.CrtYd) (width 0.05))
    (fp_line (start -1.65 -0.73) (end 1.65 -0.73) (layer F.CrtYd) (width 0.05))
    (fp_line (start -1.65 0.73) (end -1.65 -0.73) (layer F.CrtYd) (width 0.05))
    (fp_line (start -0.171267 0.51) (end 0.171267 0.51) (layer F.SilkS) (width 0.12))
    (fp_line (start -0.171267 -0.51) (end 0.171267 -0.51) (layer F.SilkS) (width 0.12))
    (fp_line (start 0.8 0.4) (end -0.8 0.4) (layer F.Fab) (width 0.1))
    (fp_line (start 0.8 -0.4) (end 0.8 0.4) (layer F.Fab) (width 0.1))
    (fp_line (start -0.8 -0.4) (end 0.8 -0.4) (layer F.Fab) (width 0.1))
    (fp_line (start -0.8 0.4) (end -0.8 -0.4) (layer F.Fab) (width 0.1))
    (pad 2 smd roundrect (at 0.875 0 90) (size 1.05 0.95) (layers F.Cu F.Paste F.Mask) (roundrect_rratio 0.25)
      (net 2 GND))
    (pad 1 smd roundrect (at -0.875 0 90) (size 1.05 0.95) (layers F.Cu F.Paste F.Mask) (roundrect_rratio 0.25)
      (net 5 "Net-(C7-Pad1)"))
    (model ${KISYS3DMOD}/Capacitor_SMD.3dshapes/C_0603_1608Metric.wrl
      (at (xyz 0 0 0))
      (scale (xyz 1 1 1))
      (rotate (xyz 0 0 0))
    )
  )

  (module Capacitor_SMD:C_0603_1608Metric_Pad1.05x0.95mm_HandSolder (layer F.Cu) (tedit 5B301BBE) (tstamp 5C817115)
    (at 118.237 54.356 90)
    (descr "Capacitor SMD 0603 (1608 Metric), square (rectangular) end terminal, IPC_7351 nominal with elongated pad for handsoldering. (Body size source: http://www.tortai-tech.com/upload/download/2011102023233369053.pdf), generated with kicad-footprint-generator")
    (tags "capacitor handsolder")
    (path /5C6C5F00)
    (attr smd)
    (fp_text reference C8 (at 0 -1.43 90) (layer F.SilkS)
      (effects (font (size 1 1) (thickness 0.15)))
    )
    (fp_text value 30p (at 0 1.43 90) (layer F.Fab)
      (effects (font (size 1 1) (thickness 0.15)))
    )
    (fp_text user %R (at 0 0 90) (layer F.Fab)
      (effects (font (size 0.4 0.4) (thickness 0.06)))
    )
    (fp_line (start 1.65 0.73) (end -1.65 0.73) (layer F.CrtYd) (width 0.05))
    (fp_line (start 1.65 -0.73) (end 1.65 0.73) (layer F.CrtYd) (width 0.05))
    (fp_line (start -1.65 -0.73) (end 1.65 -0.73) (layer F.CrtYd) (width 0.05))
    (fp_line (start -1.65 0.73) (end -1.65 -0.73) (layer F.CrtYd) (width 0.05))
    (fp_line (start -0.171267 0.51) (end 0.171267 0.51) (layer F.SilkS) (width 0.12))
    (fp_line (start -0.171267 -0.51) (end 0.171267 -0.51) (layer F.SilkS) (width 0.12))
    (fp_line (start 0.8 0.4) (end -0.8 0.4) (layer F.Fab) (width 0.1))
    (fp_line (start 0.8 -0.4) (end 0.8 0.4) (layer F.Fab) (width 0.1))
    (fp_line (start -0.8 -0.4) (end 0.8 -0.4) (layer F.Fab) (width 0.1))
    (fp_line (start -0.8 0.4) (end -0.8 -0.4) (layer F.Fab) (width 0.1))
    (pad 2 smd roundrect (at 0.875 0 90) (size 1.05 0.95) (layers F.Cu F.Paste F.Mask) (roundrect_rratio 0.25)
      (net 2 GND))
    (pad 1 smd roundrect (at -0.875 0 90) (size 1.05 0.95) (layers F.Cu F.Paste F.Mask) (roundrect_rratio 0.25)
      (net 6 "Net-(C8-Pad1)"))
    (model ${KISYS3DMOD}/Capacitor_SMD.3dshapes/C_0603_1608Metric.wrl
      (at (xyz 0 0 0))
      (scale (xyz 1 1 1))
      (rotate (xyz 0 0 0))
    )
  )

  (module Capacitor_SMD:C_0603_1608Metric_Pad1.05x0.95mm_HandSolder (layer B.Cu) (tedit 5B301BBE) (tstamp 5C8170E5)
    (at 101.6 62.23 180)
    (descr "Capacitor SMD 0603 (1608 Metric), square (rectangular) end terminal, IPC_7351 nominal with elongated pad for handsoldering. (Body size source: http://www.tortai-tech.com/upload/download/2011102023233369053.pdf), generated with kicad-footprint-generator")
    (tags "capacitor handsolder")
    (path /5C6465E4)
    (attr smd)
    (fp_text reference C9 (at 0 1.27 180) (layer B.SilkS)
      (effects (font (size 1 1) (thickness 0.15)) (justify mirror))
    )
    (fp_text value 100n (at 0 -1.43 180) (layer B.Fab)
      (effects (font (size 1 1) (thickness 0.15)) (justify mirror))
    )
    (fp_text user %R (at 0 0 180) (layer B.Fab)
      (effects (font (size 0.4 0.4) (thickness 0.06)) (justify mirror))
    )
    (fp_line (start 1.65 -0.73) (end -1.65 -0.73) (layer B.CrtYd) (width 0.05))
    (fp_line (start 1.65 0.73) (end 1.65 -0.73) (layer B.CrtYd) (width 0.05))
    (fp_line (start -1.65 0.73) (end 1.65 0.73) (layer B.CrtYd) (width 0.05))
    (fp_line (start -1.65 -0.73) (end -1.65 0.73) (layer B.CrtYd) (width 0.05))
    (fp_line (start -0.171267 -0.51) (end 0.171267 -0.51) (layer B.SilkS) (width 0.12))
    (fp_line (start -0.171267 0.51) (end 0.171267 0.51) (layer B.SilkS) (width 0.12))
    (fp_line (start 0.8 -0.4) (end -0.8 -0.4) (layer B.Fab) (width 0.1))
    (fp_line (start 0.8 0.4) (end 0.8 -0.4) (layer B.Fab) (width 0.1))
    (fp_line (start -0.8 0.4) (end 0.8 0.4) (layer B.Fab) (width 0.1))
